0 0.175 0.23819444444444443 0.02361111111111111 0.020833333333333332
0 0.8215277777777777 0.33819444444444446 0.2520833333333333 0.14444444444444443
0 0.5027777777777778 0.5451388888888888 0.9513888888888888 0.6055555555555555
0 0.059027777777777776 0.29930555555555555 0.11805555555555555 0.12916666666666668
0 0.11944444444444445 0.24097222222222223 0.04097222222222222 0.03819444444444445
0 0.0375 0.2375 0.050694444444444445 0.027083333333333334
0 0.08402777777777778 0.2388888888888889 0.04027777777777778 0.025
0 0.3215277777777778 0.23680555555555555 0.043055555555555555 0.02361111111111111
0 0.5048611111111111 0.23402777777777778 0.10069444444444445 0.043055555555555555
0 0.5868055555555556 0.2423611111111111 0.11666666666666667 0.04583333333333333
0 0.88125 0.2520833333333333 0.12777777777777777 0.08263888888888889
0 0.7479166666666667 0.25972222222222224 0.15069444444444444 0.04027777777777778
1 0.9326388888888889 0.3840277777777778 0.013888888888888888 0.01875