0 0.28125 0.5722222222222222 0.39375 0.21041666666666667
0 0.5819444444444445 0.6583333333333333 0.5277777777777778 0.3090277777777778
0 0.11041666666666666 0.4652777777777778 0.09166666666666666 0.05555555555555555
0 0.9319444444444445 0.5423611111111111 0.1361111111111111 0.1736111111111111
0 0.7819444444444444 0.5208333333333334 0.22777777777777777 0.14097222222222222
0 0.6180555555555556 0.47430555555555554 0.09166666666666666 0.06458333333333334
0 0.5347222222222222 0.4736111111111111 0.09027777777777778 0.06180555555555556
0 0.9076388888888889 0.47847222222222224 0.09236111111111112 0.07222222222222222
0 0.3763888888888889 0.48680555555555555 0.15902777777777777 0.07222222222222222
0 0.7041666666666667 0.4666666666666667 0.08819444444444445 0.0798611111111111
1 0.3736111111111111 0.6583333333333333 0.03263888888888889 0.04375
1 0.125 0.5680555555555555 0.022222222222222223 0.027083333333333334
1 0.9236111111111112 0.5895833333333333 0.027777777777777776 0.016666666666666666
1 0.6819444444444445 0.4666666666666667 0.007638888888888889 0.005555555555555556
1 0.5944444444444444 0.46944444444444444 0.011805555555555555 0.010416666666666666